14,5
14,4
114,35
10,250
10,301
10,167
10,224
10,5
10,100
10,102
11,9
11,24
11,27
11,12
11,17
11,10
11,2
11,3
8,14
8,5
8,12
12,1
12,3
104,10
104,9
104,8
104,7
104,6
104,5
104,4
104,3
104,2
104,1
104,0
98,5
98,4
98,3
98,2
98,1
98,0
97,5
97,4
97,3
97,2
97,1
97,0
95,4
95,3
95,2
95,1
95,0
90,5
90,4
90,3
90,2
90,1
90,0
88,5
88,4
88,3
88,2
88,1
88,0
86,5
86,4
86,3
86,2
86,1
86,0
84,6
84,5
84,4
84,3
84,2
84,1
84,0
81,5
81,4
81,3
81,1
71,4
71,1
69,4
69,1
65,3
65,1
55,3
55,1
46,5
46,3
46,1
41,4
41,3
41,1
38,3
38,1
37,4
37,3
37,1
36,4
36,3
36,1
31,5
31,4
31,3
31,1
20,3
20,2
20,1
19,3
19,2
19,1
12,2
11,28
11,22
11,21
11,7
11,1
11,6
10,274
10,228
10,199
10,198
10,182
